1.praef 1 152
1.1 153 208
1.2 209 308
1.3 309 398
1.4 399 509
1.5 510 607
1.6 608 705
1.7 706 803
1.8 804 934
1.9 935 1023
1.10 1024 1136
1.11 1137 1255
1.12 1256 1521
1.13 1522 1802
1.14 1803 1947
1.15 1948 2123
1.16 2124 2308
1.17 2309 2469
1.18 2470 2600
1.19 2601 2712
1.20 2713 2872
1.21 2873 3044
1.22 3045 3176
1.23 3177 3329
1.24 3330 3468
1.25 3469 3563
1.26 3564 3693
1.27 3694 3848
1.28 3849 4015
1.29 4016 4149
1.30 4150 4362
1.31 4363 4500
1.32 4501 4676
2.1 4677 4819
2.2 4820 5019
2.3 5020 5156
2.4 5157 5334
2.5 5335 5542
2.6 5543 5603
2.7 5604 5805
2.8 5806 5982
2.9 5983 6060
2.10 6061 6140
2.11 6141 6240
2.12 6241 6396
2.13 6397 6557
2.14 6558 6693
2.15 6694 6818
2.16 6819 6937
2.17 6938 7031
2.18 7032 7083
2.19 7084 7198
2.20 7199 7333
2.21 7334 7443
2.22 7444 7553
2.23 7554 7733
2.24 7734 7863
2.25 7864 7984
2.26 7985 8163
2.27 8164 8266
2.28 8267 8369
2.29 8370 8469
2.30 8470 8653
2.31 8654 8790
2.32 8791 8892
2.33 8893 8982
2.34 8983 9097
2.35 9098 9226
2.36 9227 9290
2.37 9291 9394
2.38 9395 9503
2.39 9504 9715
3.1 9716 9769
3.2 9770 9917
3.3 9918 10034
3.4 10035 10202
3.5 10203 10330
3.6 10331 10524
3.7 10525 10628
3.8 10629 10743
3.9 10744 10885
3.10 10886 11038
3.11 11039 11143
3.12 11144 11292
3.13 11293 11417
3.14 11418 11596
3.15 11597 11753
3.16 11754 11877
3.17 11878 11989
3.18 11990 12126
3.19 12127 12243
3.20 12244 12390
3.21 12391 12554
3.22 12555 12676
3.23 12677 12868
3.24 12869 12976
3.25 12977 13182
3.26 13183 13372
3.27 13373 13539
3.28 13540 13661
3.29 13662 13820
3.30 13821 14002
3.31 14003 14123
3.32 14124 14274
3.33 14275 14432
3.34 14433 14558
4.1 14559 14627
4.2 14628 14809
4.3 14810 14910
4.4 14911 15084
4.5 15085 15176
4.6 15177 15323
4.7 15324 15480
4.8 15481 15625
4.9 15626 15725
4.10 15726 15856
4.11 15857 15986
4.12 15987 16125
4.13 16126 16262
4.14 16263 16373
4.15 16374 16519
4.16 16520 16700
4.17 16701 16922
4.18 16923 17076
4.19 17077 17227
4.20 17228 17333
4.21 17334 17423
4.22 17424 17544
4.23 17545 17636
4.24 17637 17781
4.25 17782 17903
4.26 17904 18041
4.27 18042 18103
4.28 18104 18213
4.29 18214 18349
4.30 18350 18481
4.31 18482 18593
4.32 18594 18730
4.33 18731 18901
4.34 18902 19018
4.35 19019 19173
4.36 19174 19259
4.37 19260 19339
4.38 19340 19445
4.39 19446 19524
4.40 19525 19610
